
# lots of circles!!
circle 1.50000000 0.00000000 1.50000000 1.00000000 1.00000000 0.16078432 1.00000000
circle 1.50000000 0.00000000 1.46700001 0.84705883 0.03137255 0.02352941 1.00000000
circle 1.50000000 0.00000000 1.43400002 0.10588235 0.91764706 0.56470591 1.00000000
circle 1.50000000 0.00000000 1.40100002 0.29803923 0.29019609 0.05098039 1.00000000
circle 1.50000000 0.00000000 1.36800003 1.00000000 1.00000000 0.16078432 1.00000000
circle 1.50000000 0.00000000 1.33500004 0.84705883 0.03137255 0.02352941 1.00000000
circle 1.50000000 0.00000000 1.30200005 0.10588235 0.91764706 0.56470591 1.00000000
circle 1.50000000 0.00000000 1.26900005 0.29803923 0.29019609 0.05098039 1.00000000
circle 1.50000000 0.00000000 1.23599994 1.00000000 1.00000000 0.16078432 1.00000000
circle 1.50000000 0.00000000 1.20300007 0.84705883 0.03137255 0.02352941 1.00000000
circle 1.21352553 0.88167793 1.50000000 1.00000000 1.00000000 0.16078432 1.00000000
circle 1.21352553 0.88167793 1.46700001 0.84705883 0.03137255 0.02352941 1.00000000
circle 1.21352553 0.88167793 1.43400002 0.10588235 0.91764706 0.56470591 1.00000000
circle 1.21352553 0.88167793 1.40100002 0.29803923 0.29019609 0.05098039 1.00000000
circle 1.21352553 0.88167793 1.36800003 1.00000000 1.00000000 0.16078432 1.00000000
circle 1.21352553 0.88167793 1.33500004 0.84705883 0.03137255 0.02352941 1.00000000
circle 1.21352553 0.88167793 1.30200005 0.10588235 0.91764706 0.56470591 1.00000000
circle 1.21352553 0.88167793 1.26900005 0.29803923 0.29019609 0.05098039 1.00000000
circle 1.21352553 0.88167793 1.23599994 1.00000000 1.00000000 0.16078432 1.00000000
circle 1.21352553 0.88167793 1.20300007 0.84705883 0.03137255 0.02352941 1.00000000
circle 0.46352544 1.42658484 1.50000000 1.00000000 1.00000000 0.16078432 1.00000000
circle 0.46352544 1.42658484 1.46700001 0.84705883 0.03137255 0.02352941 1.00000000
circle 0.46352544 1.42658484 1.43400002 0.10588235 0.91764706 0.56470591 1.00000000
circle 0.46352544 1.42658484 1.40100002 0.29803923 0.29019609 0.05098039 1.00000000
circle 0.46352544 1.42658484 1.36800003 1.00000000 1.00000000 0.16078432 1.00000000
circle 0.46352544 1.42658484 1.33500004 0.84705883 0.03137255 0.02352941 1.00000000
circle 0.46352544 1.42658484 1.30200005 0.10588235 0.91764706 0.56470591 1.00000000
circle 0.46352544 1.42658484 1.26900005 0.29803923 0.29019609 0.05098039 1.00000000
circle 0.46352544 1.42658484 1.23599994 1.00000000 1.00000000 0.16078432 1.00000000
circle 0.46352544 1.42658484 1.20300007 0.84705883 0.03137255 0.02352941 1.00000000
circle -0.46352556 1.42658472 1.50000000 1.00000000 1.00000000 0.16078432 1.00000000
circle -0.46352556 1.42658472 1.46700001 0.84705883 0.03137255 0.02352941 1.00000000
circle -0.46352556 1.42658472 1.43400002 0.10588235 0.91764706 0.56470591 1.00000000
circle -0.46352556 1.42658472 1.40100002 0.29803923 0.29019609 0.05098039 1.00000000
circle -0.46352556 1.42658472 1.36800003 1.00000000 1.00000000 0.16078432 1.00000000
circle -0.46352556 1.42658472 1.33500004 0.84705883 0.03137255 0.02352941 1.00000000
circle -0.46352556 1.42658472 1.30200005 0.10588235 0.91764706 0.56470591 1.00000000
circle -0.46352556 1.42658472 1.26900005 0.29803923 0.29019609 0.05098039 1.00000000
circle -0.46352556 1.42658472 1.23599994 1.00000000 1.00000000 0.16078432 1.00000000
circle -0.46352556 1.42658472 1.20300007 0.84705883 0.03137255 0.02352941 1.00000000
circle -1.21352553 0.88167781 1.50000000 1.00000000 1.00000000 0.16078432 1.00000000
circle -1.21352553 0.88167781 1.46700001 0.84705883 0.03137255 0.02352941 1.00000000
circle -1.21352553 0.88167781 1.43400002 0.10588235 0.91764706 0.56470591 1.00000000
circle -1.21352553 0.88167781 1.40100002 0.29803923 0.29019609 0.05098039 1.00000000
circle -1.21352553 0.88167781 1.36800003 1.00000000 1.00000000 0.16078432 1.00000000
circle -1.21352553 0.88167781 1.33500004 0.84705883 0.03137255 0.02352941 1.00000000
circle -1.21352553 0.88167781 1.30200005 0.10588235 0.91764706 0.56470591 1.00000000
circle -1.21352553 0.88167781 1.26900005 0.29803923 0.29019609 0.05098039 1.00000000
circle -1.21352553 0.88167781 1.23599994 1.00000000 1.00000000 0.16078432 1.00000000
circle -1.21352553 0.88167781 1.20300007 0.84705883 0.03137255 0.02352941 1.00000000
circle -1.50000000 -0.00000013 1.50000000 1.00000000 1.00000000 0.16078432 1.00000000
circle -1.50000000 -0.00000013 1.46700001 0.84705883 0.03137255 0.02352941 1.00000000
circle -1.50000000 -0.00000013 1.43400002 0.10588235 0.91764706 0.56470591 1.00000000
circle -1.50000000 -0.00000013 1.40100002 0.29803923 0.29019609 0.05098039 1.00000000
circle -1.50000000 -0.00000013 1.36800003 1.00000000 1.00000000 0.16078432 1.00000000
circle -1.50000000 -0.00000013 1.33500004 0.84705883 0.03137255 0.02352941 1.00000000
circle -1.50000000 -0.00000013 1.30200005 0.10588235 0.91764706 0.56470591 1.00000000
circle -1.50000000 -0.00000013 1.26900005 0.29803923 0.29019609 0.05098039 1.00000000
circle -1.50000000 -0.00000013 1.23599994 1.00000000 1.00000000 0.16078432 1.00000000
circle -1.50000000 -0.00000013 1.20300007 0.84705883 0.03137255 0.02352941 1.00000000
circle -1.21352541 -0.88167799 1.50000000 1.00000000 1.00000000 0.16078432 1.00000000
circle -1.21352541 -0.88167799 1.46700001 0.84705883 0.03137255 0.02352941 1.00000000
circle -1.21352541 -0.88167799 1.43400002 0.10588235 0.91764706 0.56470591 1.00000000
circle -1.21352541 -0.88167799 1.40100002 0.29803923 0.29019609 0.05098039 1.00000000
circle -1.21352541 -0.88167799 1.36800003 1.00000000 1.00000000 0.16078432 1.00000000
circle -1.21352541 -0.88167799 1.33500004 0.84705883 0.03137255 0.02352941 1.00000000
circle -1.21352541 -0.88167799 1.30200005 0.10588235 0.91764706 0.56470591 1.00000000
circle -1.21352541 -0.88167799 1.26900005 0.29803923 0.29019609 0.05098039 1.00000000
circle -1.21352541 -0.88167799 1.23599994 1.00000000 1.00000000 0.16078432 1.00000000
circle -1.21352541 -0.88167799 1.20300007 0.84705883 0.03137255 0.02352941 1.00000000
circle -0.46352565 -1.42658472 1.50000000 1.00000000 1.00000000 0.16078432 1.00000000
circle -0.46352565 -1.42658472 1.46700001 0.84705883 0.03137255 0.02352941 1.00000000
circle -0.46352565 -1.42658472 1.43400002 0.10588235 0.91764706 0.56470591 1.00000000
circle -0.46352565 -1.42658472 1.40100002 0.29803923 0.29019609 0.05098039 1.00000000
circle -0.46352565 -1.42658472 1.36800003 1.00000000 1.00000000 0.16078432 1.00000000
circle -0.46352565 -1.42658472 1.33500004 0.84705883 0.03137255 0.02352941 1.00000000
circle -0.46352565 -1.42658472 1.30200005 0.10588235 0.91764706 0.56470591 1.00000000
circle -0.46352565 -1.42658472 1.26900005 0.29803923 0.29019609 0.05098039 1.00000000
circle -0.46352565 -1.42658472 1.23599994 1.00000000 1.00000000 0.16078432 1.00000000
circle -0.46352565 -1.42658472 1.20300007 0.84705883 0.03137255 0.02352941 1.00000000
circle 0.46352568 -1.42658472 1.50000000 1.00000000 1.00000000 0.16078432 1.00000000
circle 0.46352568 -1.42658472 1.46700001 0.84705883 0.03137255 0.02352941 1.00000000
circle 0.46352568 -1.42658472 1.43400002 0.10588235 0.91764706 0.56470591 1.00000000
circle 0.46352568 -1.42658472 1.40100002 0.29803923 0.29019609 0.05098039 1.00000000
circle 0.46352568 -1.42658472 1.36800003 1.00000000 1.00000000 0.16078432 1.00000000
circle 0.46352568 -1.42658472 1.33500004 0.84705883 0.03137255 0.02352941 1.00000000
circle 0.46352568 -1.42658472 1.30200005 0.10588235 0.91764706 0.56470591 1.00000000
circle 0.46352568 -1.42658472 1.26900005 0.29803923 0.29019609 0.05098039 1.00000000
circle 0.46352568 -1.42658472 1.23599994 1.00000000 1.00000000 0.16078432 1.00000000
circle 0.46352568 -1.42658472 1.20300007 0.84705883 0.03137255 0.02352941 1.00000000
circle 1.21352589 -0.88167739 1.50000000 1.00000000 1.00000000 0.16078432 1.00000000
circle 1.21352589 -0.88167739 1.46700001 0.84705883 0.03137255 0.02352941 1.00000000
circle 1.21352589 -0.88167739 1.43400002 0.10588235 0.91764706 0.56470591 1.00000000
circle 1.21352589 -0.88167739 1.40100002 0.29803923 0.29019609 0.05098039 1.00000000
circle 1.21352589 -0.88167739 1.36800003 1.00000000 1.00000000 0.16078432 1.00000000
circle 1.21352589 -0.88167739 1.33500004 0.84705883 0.03137255 0.02352941 1.00000000
circle 1.21352589 -0.88167739 1.30200005 0.10588235 0.91764706 0.56470591 1.00000000
circle 1.21352589 -0.88167739 1.26900005 0.29803923 0.29019609 0.05098039 1.00000000
circle 1.21352589 -0.88167739 1.23599994 1.00000000 1.00000000 0.16078432 1.00000000
circle 1.21352589 -0.88167739 1.20300007 0.84705883 0.03137255 0.02352941 1.00000000
circle 0.00000000 0.00000000 0.75000000 0.00000000 0.00000000 0.00000000 1.00000000
circle 0.00000000 0.00000000 0.75000000 0.00000000 0.00000000 0.00000000 1.00000000
circle 0.00000000 0.00000000 0.75000000 0.00000000 0.00000000 0.00000000 1.00000000
circle 0.00000000 0.00000000 0.75000000 0.00000000 0.00000000 0.00000000 1.00000000
circle 0.00000000 0.00000000 0.75000000 0.00000000 0.00000000 0.00000000 1.00000000
circle 0.00000000 0.00000000 0.75000000 0.00000000 0.00000000 0.00000000 1.00000000
circle 0.00000000 0.00000000 0.75000000 0.00000000 0.00000000 0.00000000 1.00000000
circle 0.00000000 0.00000000 0.75000000 0.00000000 0.00000000 0.00000000 1.00000000
circle 0.00000000 0.00000000 0.75000000 0.00000000 0.00000000 0.00000000 1.00000000
circle 0.00000000 0.00000000 0.75000000 0.00000000 0.00000000 0.00000000 1.00000000
