# lattitude circle
circle 0.00000000 0.00000000 1.50000000 0.80000001 0.54509807 0.16078432
1.00000000
circle -0.75000000 0.00000000 0.75000000 0.16078432 0.41568628 0.80000001
1.00000000
circle -1.12500000 0.00000000 0.37500000 0.80000001 0.54509807 0.16078432
1.00000000
circle -1.31250000 0.00000000 0.18750000 0.16078432 0.41568628 0.80000001
1.00000000
circle -1.40625000 0.00000000 0.09375000 0.80000001 0.54509807 0.16078432
1.00000000
circle -1.21875000 0.00000000 0.09375000 0.80000001 0.54509807 0.16078432
1.00000000
circle -0.93750000 0.00000000 0.18750000 0.16078432 0.41568628 0.80000001
1.00000000
circle -1.03125000 0.00000000 0.09375000 0.80000001 0.54509807 0.16078432
1.00000000
circle -0.84375000 0.00000000 0.09375000 0.80000001 0.54509807 0.16078432
1.00000000
circle -0.37500000 0.00000000 0.37500000 0.80000001 0.54509807 0.16078432
1.00000000
circle -0.56250000 0.00000000 0.18750000 0.16078432 0.41568628 0.80000001
1.00000000
circle -0.65625000 0.00000000 0.09375000 0.80000001 0.54509807 0.16078432
1.00000000
circle -0.46875000 0.00000000 0.09375000 0.80000001 0.54509807 0.16078432
1.00000000
circle -0.18750000 0.00000000 0.18750000 0.16078432 0.41568628 0.80000001
1.00000000
circle -0.28125000 0.00000000 0.09375000 0.80000001 0.54509807 0.16078432
1.00000000
circle -0.09375000 0.00000000 0.09375000 0.80000001 0.54509807 0.16078432
1.00000000
circle 0.75000000 0.00000000 0.75000000 0.16078432 0.41568628 0.80000001
1.00000000
circle 0.37500000 0.00000000 0.37500000 0.80000001 0.54509807 0.16078432
1.00000000
circle 0.18750000 0.00000000 0.18750000 0.16078432 0.41568628 0.80000001
1.00000000
circle 0.09375000 0.00000000 0.09375000 0.80000001 0.54509807 0.16078432
1.00000000
circle 0.28125000 0.00000000 0.09375000 0.80000001 0.54509807 0.16078432
1.00000000
circle 0.56250000 0.00000000 0.18750000 0.16078432 0.41568628 0.80000001
1.00000000
circle 0.46875000 0.00000000 0.09375000 0.80000001 0.54509807 0.16078432
1.00000000
circle 0.65625000 0.00000000 0.09375000 0.80000001 0.54509807 0.16078432
1.00000000
circle 1.12500000 0.00000000 0.37500000 0.80000001 0.54509807 0.16078432
1.00000000
circle 0.93750000 0.00000000 0.18750000 0.16078432 0.41568628 0.80000001
1.00000000
circle 0.84375000 0.00000000 0.09375000 0.80000001 0.54509807 0.16078432
1.00000000
circle 1.03125000 0.00000000 0.09375000 0.80000001 0.54509807 0.16078432
1.00000000
circle 1.31250000 0.00000000 0.18750000 0.16078432 0.41568628 0.80000001
1.00000000
circle 1.21875000 0.00000000 0.09375000 0.80000001 0.54509807 0.16078432
1.00000000
circle 1.40625000 0.00000000 0.09375000 0.80000001 0.54509807 0.16078432
1.00000000

