# Metatrons circles
circle 0.00000000 0.00000000 0.50000000 1.00000000 1.00000000 1.00000000 1.00000000
circle 0.86602539 -0.50000000 0.50000000 0.80000001 0.45490196 0.16078432 1.00000000
circle 1.73205078 -1.00000000 0.50000000 0.80000001 0.74901962 0.16078432 1.00000000
circle 0.86602539 0.50000000 0.50000000 0.55294120 0.80000001 0.16078432 1.00000000
circle 1.73205078 1.00000000 0.50000000 0.25882354 0.80000001 0.16078432 1.00000000
circle -0.00000004 1.00000000 0.50000000 0.16078432 0.80000001 0.35686275 1.00000000
circle -0.00000009 2.00000000 0.50000000 0.16078432 0.80000001 0.65098041 1.00000000
circle -0.86602539 0.50000006 0.50000000 0.16078432 0.65098041 0.80000001 1.00000000
circle -1.73205078 1.00000012 0.50000000 0.16078432 0.35686275 0.80000001 1.00000000
circle -0.86602527 -0.50000018 0.50000000 0.25882354 0.16078432 0.80000001 1.00000000
circle -1.73205054 -1.00000036 0.50000000 0.55294120 0.16078432 0.80000001 1.00000000
circle 0.00000001 -1.00000000 0.50000000 0.80000001 0.16078432 0.74901962 1.00000000
circle 0.00000002 -2.00000000 0.50000000 0.80000001 0.16078432 0.45490196 1.00000000
# Metatrons's lines
static
lines 0.0 0.0 13 1.0 3
 0 0.00000000 0.00000000
 1 0.86602539 -0.50000000 1.00000000 0.46274510 0.00000000
 2 1.73205078 -1.00000000 1.00000000 0.92156863 0.00000000
 3 0.86602539 0.50000000 0.61568630 1.00000000 0.00000000
 4 1.73205078 1.00000000 0.15294118 1.00000000 0.00000000
 5 -0.00000004 1.00000000 0.00000000 1.00000000 0.30588236
 6 -0.00000009 2.00000000 0.00000000 1.00000000 0.76862746
 7 -0.86602539 0.50000006 0.00000000 0.76862746 1.00000000
 8 -1.73205078 1.00000012 0.00000000 0.30588236 1.00000000
 9 -0.86602527 -0.50000018 0.15294118 0.00000000 1.00000000
 10 -1.73205054 -1.00000036 0.61568630 0.00000000 1.00000000
 11 0.00000001 -1.00000000 1.00000000 0.00000000 0.92156863
 12 0.00000002 -2.00000000 1.00000000 0.00000000 0.46274510
 2 12 12 10 12 11 12 1 2 0 2 9 1 0 11 0 11 9 2 11 9 0 10 8 10 9 11 10 12 9 10 5 1 9 11 7 9 7 10 7 9 6 9 8 0 7 7 8 11 8 10 1 12 7 11 1 2 4 1 3 2 3 12 3 0 3 4 3 0 5 3 5 3 6 4 5 2 5 3 7 9 5 1 5 7 5 5 8 11 4 7 6 8 3 6 1 11 3 8 6 6 4 4 1 5 6 7 4 8 5
