# tree of life
circle 0.00000000 0.00000000 0.50000000 0.80000001 0.16078432 0.16078432
1.00000000
circle 0.43301269 -0.25000000 0.50000000 0.80000001 0.70980394 0.16078432
1.00000000
circle 0.43301269 -0.25000000 1.00000000 0.80000001 0.70980394 0.16078432
1.00000000
circle 0.53033006 -0.53033012 0.37500000 0.80000001 0.45490196 0.16078432
1.00000000
circle 0.43301269 0.25000000 0.50000000 0.34117648 0.80000001 0.16078432
1.00000000
circle 0.43301269 0.25000000 1.00000000 0.34117648 0.80000001 0.16078432
1.00000000
circle 0.72444439 0.19411428 0.37500000 0.80000001 0.74901962 0.16078432
1.00000000
circle -0.00000002 0.50000000 0.50000000 0.16078432 0.80000001 0.52549022
1.00000000
circle -0.00000002 0.50000000 1.00000000 0.16078432 0.80000001 0.52549022
1.00000000
circle 0.19411430 0.72444439 0.37500000 0.55294120 0.80000001 0.16078432
1.00000000
circle -0.43301269 0.25000003 0.50000000 0.16078432 0.52549022 0.80000001
1.00000000
circle -0.43301269 0.25000003 1.00000000 0.16078432 0.52549022 0.80000001
1.00000000
circle -0.53033006 0.53033006 0.37500000 0.25882354 0.80000001 0.16078432
1.00000000
circle -0.43301263 -0.25000009 0.50000000 0.34117648 0.16078432 0.80000001
1.00000000
circle -0.43301263 -0.25000009 1.00000000 0.34117648 0.16078432 0.80000001
1.00000000
circle -0.72444439 -0.19411431 0.37500000 0.16078432 0.80000001 0.35686275
1.00000000
circle 0.00000001 -0.50000000 0.50000000 0.80000001 0.16078432 0.70980394
1.00000000
circle 0.00000001 -0.50000000 1.00000000 0.80000001 0.16078432 0.70980394
1.00000000
circle -0.19411424 -0.72444439 0.37500000 0.16078432 0.80000001 0.65098041
1.00000000
