
# tree of life!!!
static
lines 0.0 0.0 10 1.0 5
 0 0.00000000 1.50000000 0.80000001 0.16078432 0.16078432
 1 -0.50000000 1.20000005 0.80000001 0.54509807 0.16078432
 2 0.50000000 1.20000005 0.67058825 0.80000001 0.16078432
 3 -0.50000000 0.30000001 0.28627452 0.80000001 0.16078432
 4 0.50000000 0.30000001 0.16078432 0.80000001 0.41568628
 5 0.00000000 0.00000000 0.16078432 0.80000001 0.80000001
 6 -0.50000000 -0.45000002 0.16078432 0.41568628 0.80000001
 7 0.50000000 -0.45000002 0.28627452 0.16078432 0.80000001
 8 0.00000000 -0.75000000 0.67058825 0.16078432 0.80000001
 9 0.00000000 -1.50000000 0.80000001 0.16078432 0.54509807
 0 1 0 2 1 2 0 5 1 5 2 5 2 4 1 3 3 4 4 5 4 5 5 6 5 7 6 8 6 7 7 8 9 8 3 5 3 6 4 7 6 9 7 9
circle 0.00000000 1.50000000 0.10000000 0.60000002 0.54901963 0.23921569 1.00000000
circle 0.00000000 1.50000000 0.20000000 0.40000001 0.37647060 0.23921569 1.00000000
circle 0.00000000 1.50000000 0.30000001 0.20000000 0.19607843 0.16078432 1.00000000
circle -0.50000000 1.20000005 0.10000000 0.34117648 0.60000002 0.23921569 1.00000000
circle -0.50000000 1.20000005 0.20000000 0.28627452 0.40000001 0.23921569 1.00000000
circle -0.50000000 1.20000005 0.30000001 0.17254902 0.20000000 0.16078432 1.00000000
circle 0.50000000 1.20000005 0.10000000 0.23921569 0.60000002 0.44705883 1.00000000
circle 0.50000000 1.20000005 0.20000000 0.23921569 0.40000001 0.33333334 1.00000000
circle 0.50000000 1.20000005 0.30000001 0.16078432 0.20000000 0.18431373 1.00000000
circle -0.50000000 0.30000001 0.10000000 0.23921569 0.44705883 0.60000002 1.00000000
circle -0.50000000 0.30000001 0.20000000 0.23921569 0.33333334 0.40000001 1.00000000
circle -0.50000000 0.30000001 0.30000001 0.16078432 0.18431373 0.20000000 1.00000000
circle 0.50000000 0.30000001 0.10000000 0.34117648 0.23921569 0.60000002 1.00000000
circle 0.50000000 0.30000001 0.20000000 0.28627452 0.23921569 0.40000001 1.00000000
circle 0.50000000 0.30000001 0.30000001 0.17254902 0.16078432 0.20000000 1.00000000
circle 0.00000000 0.00000000 0.10000000 0.60000002 0.23921569 0.54901963 1.00000000
circle 0.00000000 0.00000000 0.20000000 0.40000001 0.23921569 0.37647060 1.00000000
circle 0.00000000 0.00000000 0.30000001 0.20000000 0.16078432 0.19607843 1.00000000
circle -0.50000000 -0.45000002 0.10000000 0.60000002 0.23921569 0.23921569 1.00000000
circle -0.50000000 -0.45000002 0.20000000 0.40000001 0.23921569 0.23921569 1.00000000
circle -0.50000000 -0.45000002 0.30000001 0.20000000 0.16078432 0.16078432 1.00000000
circle 0.50000000 -0.45000002 0.10000000 0.60000002 0.54901963 0.23921569 1.00000000
circle 0.50000000 -0.45000002 0.20000000 0.40000001 0.37647060 0.23921569 1.00000000
circle 0.50000000 -0.45000002 0.30000001 0.20000000 0.19607843 0.16078432 1.00000000
circle 0.00000000 -0.75000000 0.10000000 0.34117648 0.60000002 0.23921569 1.00000000
circle 0.00000000 -0.75000000 0.20000000 0.28627452 0.40000001 0.23921569 1.00000000
circle 0.00000000 -0.75000000 0.30000001 0.17254902 0.20000000 0.16078432 1.00000000
circle 0.00000000 -1.50000000 0.10000000 0.23921569 0.60000002 0.44705883 1.00000000
circle 0.00000000 -1.50000000 0.20000000 0.23921569 0.40000001 0.33333334 1.00000000
circle 0.00000000 -1.50000000 0.30000001 0.16078432 0.20000000 0.18431373 1.00000000
