# web
static
circle 0.00000000 0.00000000 2.00000000 1.00000000 1.00000000 1.00000000 1.00000000
circle 0.00000000 0.00000000 3.25000000 1.00000000 1.00000000 1.00000000 1.00000000 8
circle 0.00000000 0.00000000 3.00000000 0.74901962 0.74901962 0.74901962 1.00000000 7
circle 0.00000000 0.00000000 2.75000000 0.49803922 0.49803922 0.49803922 1.00000000 6
circle 0.00000000 0.00000000 2.50000000 0.24705882 0.24705882 0.24705882 1.00000000 5
circle 0.00000000 0.00000000 2.25000000 0.00000000 0.00000000 0.00000000 1.00000000 4
static
lines 0.0 0.0 12 1.0
 0 2.00000000 0.00000000 1.00000000 0.00000000 0.00000000
 1 1.73205078 1.00000000 1.00000000 0.50196081 0.00000000
 2 0.99999994 1.73205090 1.00000000 1.00000000 0.00000000
 3 -0.00000009 2.00000000 0.50196081 1.00000000 0.00000000
 4 -1.00000012 1.73205078 0.00000000 1.00000000 0.00000000
 5 -1.73205078 1.00000012 0.00000000 1.00000000 0.50196081
 6 -2.00000000 -0.00000017 0.00000000 1.00000000 1.00000000
 7 -1.73205054 -1.00000036 0.00000000 0.50196081 1.00000000
 8 -0.99999982 -1.73205090 0.00000000 0.00000000 1.00000000
 9 0.00000002 -2.00000000 0.50196081 0.00000000 1.00000000
 10 0.99999982 -1.73205090 1.00000000 0.00000000 1.00000000
 11 1.73205113 -0.99999952 1.00000000 0.00000000 0.50196081
 0 6 0 5 0 3 0 1 1 7 1 6 1 4 1 2 2 8 2 7 2 5 2 3 3 9 3 8 3 6 3 4 4 10 4 9 4 7 4 5 5 11 5 10 5 8 5 6 6 11 6 9 6 7 7 0 7 10 7 8 8 1 8 11 8 9 9 2 9 0 9 10 10 3 10 1 10 11 11 4 11 2 11 0


