
# whirly lines
lines 0.5 0.0 70 1.0 5
 0 0.10000000 0.00000000 0.80000001 0.16078432 0.16078432
 1 10.00000000 0.00000000 0.80000001 0.27058825 0.16078432
 2 0.09839296 0.01785569 0.80000001 0.38039216 0.16078432
 3 9.83929539 1.78556895 0.80000001 0.49019608 0.16078432
 4 0.09362349 0.03513749 0.80000001 0.60000002 0.16078432
 5 9.36234856 3.51374841 0.80000001 0.70980394 0.16078432
 6 0.08584488 0.05128993 0.78039217 0.80000001 0.16078432
 7 8.58448792 5.12899303 0.67058825 0.80000001 0.16078432
 8 0.07530715 0.06579387 0.56078434 0.80000001 0.16078432
 9 7.53071499 6.57938719 0.45098040 0.80000001 0.16078432
 10 0.06234898 0.07818315 0.34117648 0.80000001 0.16078432
 11 6.23489809 7.81831503 0.23137255 0.80000001 0.16078432
 12 0.04738687 0.08805955 0.16078432 0.80000001 0.19607843
 13 4.73868704 8.80595493 0.16078432 0.80000001 0.30588236
 14 0.03090170 0.09510566 0.16078432 0.80000001 0.41568628
 15 3.09016967 9.51056576 0.16078432 0.80000001 0.52549022
 16 0.01342333 0.09909498 0.16078432 0.80000001 0.63529414
 17 1.34233284 9.90949726 0.16078432 0.80000001 0.74509805
 18 -0.00448648 0.09989931 0.16078432 0.74509805 0.80000001
 19 -0.44864774 9.98993111 0.16078432 0.63529414 0.80000001
 20 -0.02225210 0.09749279 0.16078432 0.52549022 0.80000001
 21 -2.22520947 9.74927902 0.16078432 0.41568628 0.80000001
 22 -0.03930250 0.09195278 0.16078432 0.30588236 0.80000001
 23 -3.93025017 9.19527817 0.16078432 0.19607843 0.80000001
 24 -0.05508969 0.08345733 0.23137255 0.16078432 0.80000001
 25 -5.50896931 8.34573269 0.34117648 0.16078432 0.80000001
 26 -0.06910627 0.07227949 0.45098040 0.16078432 0.80000001
 27 -6.91062641 7.22794914 0.56078434 0.16078432 0.80000001
 28 -0.08090170 0.05877852 0.67058825 0.16078432 0.80000001
 29 -8.09017086 5.87785196 0.78039217 0.16078432 0.80000001
 30 -0.09009688 0.04338838 0.80000001 0.16078432 0.70980394
 31 -9.00968838 4.33883810 0.80000001 0.16078432 0.60000002
 32 -0.09639629 0.02660369 0.80000001 0.16078432 0.49019608
 33 -9.63962841 2.66036868 0.80000001 0.16078432 0.38039216
 34 -0.09959743 0.00896393 0.80000001 0.16078432 0.27058825
 35 -9.95974350 0.89639258 0.80000001 0.16078432 0.16078432
 36 -0.09959743 -0.00896392 0.80000001 0.27058825 0.16078432
 37 -9.95974350 -0.89639193 0.80000001 0.38039216 0.16078432
 38 -0.09639629 -0.02660368 0.80000001 0.49019608 0.16078432
 39 -9.63962841 -2.66036797 0.80000001 0.60000002 0.16078432
 40 -0.09009688 -0.04338838 0.80000001 0.70980394 0.16078432
 41 -9.00968838 -4.33883762 0.78039217 0.80000001 0.16078432
 42 -0.08090170 -0.05877851 0.67058825 0.80000001 0.16078432
 43 -8.09017086 -5.87785149 0.56078434 0.80000001 0.16078432
 44 -0.06910627 -0.07227948 0.45098040 0.80000001 0.16078432
 45 -6.91062689 -7.22794819 0.34117648 0.80000001 0.16078432
 46 -0.05508972 -0.08345731 0.23137255 0.80000001 0.16078432
 47 -5.50897169 -8.34573174 0.16078432 0.80000001 0.19607843
 48 -0.03930252 -0.09195277 0.16078432 0.80000001 0.30588236
 49 -3.93025160 -9.19527721 0.16078432 0.80000001 0.41568628
 50 -0.02225210 -0.09749279 0.16078432 0.80000001 0.52549022
 51 -2.22521019 -9.74927902 0.16078432 0.80000001 0.63529414
 52 -0.00448648 -0.09989931 0.16078432 0.80000001 0.74509805
 53 -0.44864836 -9.98993015 0.16078432 0.74509805 0.80000001
 54 0.01342333 -0.09909498 0.16078432 0.63529414 0.80000001
 55 1.34233332 -9.90949726 0.16078432 0.52549022 0.80000001
 56 0.03090171 -0.09510565 0.16078432 0.41568628 0.80000001
 57 3.09017134 -9.51056480 0.16078432 0.30588236 0.80000001
 58 0.04738684 -0.08805957 0.16078432 0.19607843 0.80000001
 59 4.73868418 -8.80595684 0.23137255 0.16078432 0.80000001
 60 0.06234897 -0.07818317 0.34117648 0.16078432 0.80000001
 61 6.23489666 -7.81831646 0.45098040 0.16078432 0.80000001
 62 0.07530714 -0.06579389 0.56078434 0.16078432 0.80000001
 63 7.53071356 -6.57938862 0.67058825 0.16078432 0.80000001
 64 0.08584487 -0.05128993 0.78039217 0.16078432 0.80000001
 65 8.58448792 -5.12899351 0.80000001 0.16078432 0.70980394
 66 0.09362349 -0.03513748 0.80000001 0.16078432 0.60000002
 67 9.36234856 -3.51374817 0.80000001 0.16078432 0.49019608
 68 0.09839296 -0.01785568 0.80000001 0.16078432 0.38039216
 69 9.83929634 -1.78556800 0.80000001 0.16078432 0.27058825
 0 1 2 3 4 5 6 7 8 9 10 11 12 13 14 15 16 17 18 19 20 21 22 23 24 25 26 27 28 29 30 31 32 33 34 35 36 37 38 39 40 41 42 43 44 45 46 47 48 49 50 51 52 53 54 55 56 57 58 59 60 61 62 63 64 65 66 67 68 69

# whirly lines 2
lines -0.5 0.0 70 1.0 5
 0 0.10000000 0.00000000 0.80000001 0.16078432 0.16078432
 1 10.00000000 0.00000000 0.80000001 0.27058825 0.16078432
 2 0.09839296 0.01785569 0.80000001 0.38039216 0.16078432
 3 9.83929539 1.78556895 0.80000001 0.49019608 0.16078432
 4 0.09362349 0.03513749 0.80000001 0.60000002 0.16078432
 5 9.36234856 3.51374841 0.80000001 0.70980394 0.16078432
 6 0.08584488 0.05128993 0.78039217 0.80000001 0.16078432
 7 8.58448792 5.12899303 0.67058825 0.80000001 0.16078432
 8 0.07530715 0.06579387 0.56078434 0.80000001 0.16078432
 9 7.53071499 6.57938719 0.45098040 0.80000001 0.16078432
 10 0.06234898 0.07818315 0.34117648 0.80000001 0.16078432
 11 6.23489809 7.81831503 0.23137255 0.80000001 0.16078432
 12 0.04738687 0.08805955 0.16078432 0.80000001 0.19607843
 13 4.73868704 8.80595493 0.16078432 0.80000001 0.30588236
 14 0.03090170 0.09510566 0.16078432 0.80000001 0.41568628
 15 3.09016967 9.51056576 0.16078432 0.80000001 0.52549022
 16 0.01342333 0.09909498 0.16078432 0.80000001 0.63529414
 17 1.34233284 9.90949726 0.16078432 0.80000001 0.74509805
 18 -0.00448648 0.09989931 0.16078432 0.74509805 0.80000001
 19 -0.44864774 9.98993111 0.16078432 0.63529414 0.80000001
 20 -0.02225210 0.09749279 0.16078432 0.52549022 0.80000001
 21 -2.22520947 9.74927902 0.16078432 0.41568628 0.80000001
 22 -0.03930250 0.09195278 0.16078432 0.30588236 0.80000001
 23 -3.93025017 9.19527817 0.16078432 0.19607843 0.80000001
 24 -0.05508969 0.08345733 0.23137255 0.16078432 0.80000001
 25 -5.50896931 8.34573269 0.34117648 0.16078432 0.80000001
 26 -0.06910627 0.07227949 0.45098040 0.16078432 0.80000001
 27 -6.91062641 7.22794914 0.56078434 0.16078432 0.80000001
 28 -0.08090170 0.05877852 0.67058825 0.16078432 0.80000001
 29 -8.09017086 5.87785196 0.78039217 0.16078432 0.80000001
 30 -0.09009688 0.04338838 0.80000001 0.16078432 0.70980394
 31 -9.00968838 4.33883810 0.80000001 0.16078432 0.60000002
 32 -0.09639629 0.02660369 0.80000001 0.16078432 0.49019608
 33 -9.63962841 2.66036868 0.80000001 0.16078432 0.38039216
 34 -0.09959743 0.00896393 0.80000001 0.16078432 0.27058825
 35 -9.95974350 0.89639258 0.80000001 0.16078432 0.16078432
 36 -0.09959743 -0.00896392 0.80000001 0.27058825 0.16078432
 37 -9.95974350 -0.89639193 0.80000001 0.38039216 0.16078432
 38 -0.09639629 -0.02660368 0.80000001 0.49019608 0.16078432
 39 -9.63962841 -2.66036797 0.80000001 0.60000002 0.16078432
 40 -0.09009688 -0.04338838 0.80000001 0.70980394 0.16078432
 41 -9.00968838 -4.33883762 0.78039217 0.80000001 0.16078432
 42 -0.08090170 -0.05877851 0.67058825 0.80000001 0.16078432
 43 -8.09017086 -5.87785149 0.56078434 0.80000001 0.16078432
 44 -0.06910627 -0.07227948 0.45098040 0.80000001 0.16078432
 45 -6.91062689 -7.22794819 0.34117648 0.80000001 0.16078432
 46 -0.05508972 -0.08345731 0.23137255 0.80000001 0.16078432
 47 -5.50897169 -8.34573174 0.16078432 0.80000001 0.19607843
 48 -0.03930252 -0.09195277 0.16078432 0.80000001 0.30588236
 49 -3.93025160 -9.19527721 0.16078432 0.80000001 0.41568628
 50 -0.02225210 -0.09749279 0.16078432 0.80000001 0.52549022
 51 -2.22521019 -9.74927902 0.16078432 0.80000001 0.63529414
 52 -0.00448648 -0.09989931 0.16078432 0.80000001 0.74509805
 53 -0.44864836 -9.98993015 0.16078432 0.74509805 0.80000001
 54 0.01342333 -0.09909498 0.16078432 0.63529414 0.80000001
 55 1.34233332 -9.90949726 0.16078432 0.52549022 0.80000001
 56 0.03090171 -0.09510565 0.16078432 0.41568628 0.80000001
 57 3.09017134 -9.51056480 0.16078432 0.30588236 0.80000001
 58 0.04738684 -0.08805957 0.16078432 0.19607843 0.80000001
 59 4.73868418 -8.80595684 0.23137255 0.16078432 0.80000001
 60 0.06234897 -0.07818317 0.34117648 0.16078432 0.80000001
 61 6.23489666 -7.81831646 0.45098040 0.16078432 0.80000001
 62 0.07530714 -0.06579389 0.56078434 0.16078432 0.80000001
 63 7.53071356 -6.57938862 0.67058825 0.16078432 0.80000001
 64 0.08584487 -0.05128993 0.78039217 0.16078432 0.80000001
 65 8.58448792 -5.12899351 0.80000001 0.16078432 0.70980394
 66 0.09362349 -0.03513748 0.80000001 0.16078432 0.60000002
 67 9.36234856 -3.51374817 0.80000001 0.16078432 0.49019608
 68 0.09839296 -0.01785568 0.80000001 0.16078432 0.38039216
 69 9.83929634 -1.78556800 0.80000001 0.16078432 0.27058825
 0 1 2 3 4 5 6 7 8 9 10 11 12 13 14 15 16 17 18 19 20 21 22 23 24 25 26 27 28 29 30 31 32 33 34 35 36 37 38 39 40 41 42 43 44 45 46 47 48 49 50 51 52 53 54 55 56 57 58 59 60 61 62 63 64 65 66 67 68 69
